
3
2
4
0
1
33
42
12
23
03
14
44
32
02
30
34
31
00
20
10
11
01
24
22
41
43
40
21
04
13
222
441
104
114
030
203
042
223
022
000
412
344
343
334
242
004
331
443
102
023
124
342
403
032
044
012
034
433
431
221
133
341
130
011
420
404
103
021
332
320
340
113
430
233
143
040
422
212
031
434
111
010
314
123
201
321
210
220
303
200
304
230
432
132
310
101
231
204
043
240
142
300
301
333
411
324
312
444
414
033
131
122
003
424
244
442
120
402
110
140
311
224
243
330
001
020
121
211
401
322
400
213
100
014
134
421
232
112
024
423
041
141
214
413
410
144
323
013
241
302
440
313
002
234
202
4243
2013
1320
4021
1433
2124
3444
0234
4033
0402
2420
0121
0431
3242
4442
0133
4313
2312
4013
4242
2341
4102
0031
4320
1301
4331
1122
4241
2132
3321
3021
2323
4334
0214
3012
3034
4231
0212
2040
3001
4114
3420
2324
3022
4122
2014
2002
0422
3304
4232
4131
2130
3113
3423
2331
2043
3043
2242
2020
1010
2433
3333
1211
4103
1022
2431
1403
2112
1232
2004
0320
0331
1223
3414
0442
2211
4302
2213
2042
3004
3212
3240
3422
1224
4004
0310
4132
1221
1234
2110
3032
4134
1324
0411
1004
1110
4314
2123
3020
3303
4343
3311
0102
2113
0242
2224
1230
3010
4412
2221
2430
1411
4300
4212
1421
4120
4422
0312
0302
3221
0200
4112
3412
0011
2301
1240
2001
0203
1420
2440
1142
1332
1104
1304
0404
3131
4001
4310
0301
4211
4433
2220
3122
1431
4400
4220
1123
0432
0420
4010
0000
0231
1014
0240
4201
0120
1430
3234
2432
1402
1213
3220
3133
2344
0441
1333
2231
0041
0423
1432
3013
0421
0413
3003
1102
2142
4042
1011
2303
4140
4002
4413
3243
3403
0224
1323
3300
4031
2024
0220
1031
3434
3202
3031
1322
0141
1241
3343
1114
0111
3134
1400
4142
2003
3341
4200
3101
1144
2041
1422
3111
2011
1300
1113
3411
0323
2222
0143
0104
2204
4443
4133
4423
2302
1143
3313
3044
3000
2101
1212
2022
3214
2410
0113
3114
4043
0243
4044
0412
3024
2122
0433
1410
1204
2212
2133
1244
0241
0300
2443
2104
4420
4323
1311
3040
2044
4322
1303
3244
3231
1344
2400
3330
1041
2403
4101
1001
3302
1314
1024
3331
2243
0122
2200
0322
0012
2414
1424
4230
0001
1243
2134
2141
1013
4100
3104
3440
2342
4432
1214
4034
0034
1442
2314
2444
1440
0103
0232
0222
1130
0204
3033
3200
3201
1033
4003
1040
0230
3443
2111
4014
3103
2424
3421
1012
3320
1003
2033
3442
3431
4234
0401
1313
3322
2202
0340
4000
0211
3142
1401
2330
4440
3124
1134
3404
4113
2441
0044
2334
1140
0440
3102
2404
3110
1030
0134
1343
0210
3023
1020
0130
4342
1444
4143
1202
1310
3143
0410
0343
0013
2240
1101
1112
0344
4321
4403
2100
3223
2442
3233
2021
3130
0334
0101
3120
0142
2000
0201
4340
1404
4012
2413
4444
4203
4431
1032
1210
1021
1334
0414
2244
0444
1200
2203
1220
3424
1131
4304
1443
0002
2322
4144
2232
0110
3030
4404
4141
4124
0140
1201
2034
4332
2031
2030
3132
4341
4123
4414
1412
1321
1124
2114
0430
3041
1103
2121
4311
3314
4244
2421
4430
4240
2230
4041
2402
4032
3323
0324
2434
1044
0400
3332
3203
4344
4204
0424
4024
2340
4301
3301
4330
3210
1231
0233
1100
0443
0223
4040
4424
1222
0314
4110
4333
1121
1233
2411
2144
3334
0144
2131
3230
1331
1441
0313
0244
3042
4104
2241
1141
0131
1034
2423
0330
1434
3224
0213
0024
2332
0022
3402
3413
0304
3121
1111
0021
0010
3340
0132
0221
1312
1341
4214
3433
2010
2143
0333
0403
2103
3344
2023
3141
3310
2102
0202
1042
1133
2343
4213
1023
4202
4401
3112
0123
1302
2401
4121
4233
3222
2223
1423
2321
1330
3342
3100
4411
0023
4022
3312
4223
3432
2140
4011
3002
3011
4441
2422
4023
3140
0321
0341
0042
4324
3211
2210
2310
0043
3441
4312
3204
4030
0303
2201
3401
2333
3232
0100
2234
1342
4210
4130
1000
1120
2233
4224
3144
2304
4221
2032
0311
3241
1413
0020
4402
0114
4410
1242
1043
4020
0112
1002
2311
4111
0032
0033
1414
2320
3400
1203
4303
3430
0040
0124
0030
0004
3014
4421
2012
2412
0434
3410
0003
1340
2120
2214
3324
3123
4434
4222
0342
0332
2300
3213
2313
0014
1132
43213
33202
43211
04212
33001
34123
44121
42111
43411
01111
44404
02144
31413
41441
23143
04440
13414
04121
20112
23221
41203
02024
12233
01323
00223
21410
11231
41423
24334
03222
10040
44411
43322
04324
41130
11333
34243
10322
42204
40114
04432
44134
21033
40430
41000
24041
10133
34314
24034
21414
30300
33420
03212
24144
01233
01212
04302
01134
31302
24423
12420
21244
04242
03304
00044
33140
14111
22432
32123
44331
31423
02021
44343
13124
34431
34310
44321
44320
02123
43142
13142
42110
13321
41133
14323
13101
42434
13441
23123
23303
32301
14301
10140
34030
11111
22041
34113
24422
10330
12210
22002
11134
33442
13403
34313
13200
40443
03142
13033
30413
23131
24411
33034
34001
04020
03112
14020
14434
22230
30340
03210
34110
42302
44240
33044
31121
44212
21322
22324
03201
4344222
3122244
1402302
0422043
4444012
1023042
2044341
0413034
3111244
2232314
4232003
4332014
4304232
3123024
3114210
2204314
3341202
3321320
0140230
2132031
1404220
3212224
2434401
0141231
2142202
3220442
3334014
1431240
3024330
1240114
1134041
2012220
1014110
1410012
1434400
3411040
0021100
1210030
1234240
1222242
1420241
3344010
1244101
1313004
2034134
2303342
4401204
4330404
1012410
3004303
4412132
4122042
1431241
2314220
3014400
4233122
4443121
0131021
0023110
0020422
2030233
3100442
3334233
2040113
4132033
1403332
3122132
1411340
4300244
4233042
3204013
3224312
2102431
1021424
4431403
1023321
1203221
0210001
2220334
2334130
0331000
2231023
1203414
3424313
4241314
4340410
0443001
1201212
3112323
4342131
4130032
0212012
0300410
1220410
0004202
1212203
3043014
0411112
4040110
2033143
0432123
1223010
0420402
2110330
4144104
0340342
2210041
1022413
2112422
1244000
1300144
4043342
1212302
1324141
4114410
1112143
1140344
0321434
4314024
3334324
0441130
2333014
3434201
3031142
2014104
3243042
4304100
4000122
4104424
3133104
1302143221
0423414021
4043113111
1440224343
3143300134
4233003110
0200414101
2004321040
1121231102
4224211332
0312242402
4210334331
4213243011
0221020043
1112210204
2302322343
1124110401
2344431401
3002321432
0201203100
1124134124
0223401003
0002003224
4034423000
3023124211
3311010430
0133004341
2040043113
1100003133
2314422330
3030433011
3330440220
1200434402
2430402012
2302040000
2412300201
3304344204
1410231204
2340022014
4044332131
4200323104
3220303431
1311014113
0043003412
4101012303
0322011302
3141333303
2421243413
3003323234
4434422321
2432000000
3112420031
0141321324
1414042322
2222023102
1101114133
4130334114
4230334201
4030203034
0144304141
2140243023
1202442233
0432423413
4333320322
2320221144
3120133200
0434334141
3400121241
1242420224
4222234313
3413030243
1034334140
3134112332
2300210111
2223334333
3330010214
1241120211
3343304413
1340440401
1241403020
3121443024
2013322412
2020004333
2320441200
0021301132
2430334213
4014143033
1431113110
4241034111
0412043344
1020030232
4300421033
4142212102
3012334402
2224123023
3240441023
0421441321
2201123010
3241400123
1411124142
0030112342
1041030013
3403430443
2204423303
2224214403
2440304412
0330034013
4243102103
3030122404
3312244143
1422444142
3343404342
1042400201
1011132111
3102144332
0021214024
4203121210
3222444210
0233003030
3241201113
2222423023
1231323120
4131203003
3312234142
1320313230
2040403103
4343031044
2214404320
2124123032
0311333300
4233343413104
4021022402143
1010202104331
1434400410013
1304013432300
1223042302102
1434403434114
2412244332224
0440043244132
3113202123130
1143111044424
2212003412200
1033022022302
4223210334443
1404313101113
1034032211230
0412134213434
1214002304443
1204231213024
3204231114110
1120413221110
1114301124202
0324243110014
3420033224420
0444140214033
1330113422414
3103322243213
0111412114322
3302203103131
2112013302213
2321210143220
1314303341043
2342121434440
4203244440114
2202222342111
4113320201303
1442331243301
2210032043211
3012122402423
3444233103000
4321011240022
1321413142101
4343201023131
3114331414333
3244001412203
0124412332004
3323300324122
0221333030210
2000034123134
1042112200023
1230201234314
2302302322004
0431042111220
1113110233121
4404434342423
3420120340241
4412023343121
4221411231422
3230320340221
2303113432121
0331214330044
3120244242240
3324422222032
0233203121134
1230001220040
2110422042404
2040201010411
4102124122422
4041030130223
4201123220411
1124343410040
0100120232001
2341044423332
3333101111223
2133313220000
0403222341440
0340124123134
1401333142034
4403443310213
2033144202323
0040142224143
1014424402210
0314210132303
2410114324103
0230314133132
0313234140301
1122403402324
2124001310142
3111200102303
0030130202404
3334003221240
2231333141414
3302320221301
2213310003334
0223133120143
0320001100003
3032413413034
4204104002342
3220123342200
0133022004104
0122302231111
2410434042121
1112314122114
1231022343404
2130310140002
4144203412132
4421311333323
4122121220340
4241311010322
3341312401230
4201441324424
1023040442311
2214023324001
4031443401120
2310420214233
1413022444022
3222042040120
2432113134311
4412302233043
3131441043012
4410231402321
1023133332210
4004000013030
1342344230202
2341234240301
2100210010403
2120423332140
2431202123133
0010241302441
0134330140203
3320302023220132
1242000324322144
0413143310330132
2433222323232030
4320000131101231
1042301222032001
2242331231011120
0122002314224242
1433303242414000
0420221100030320
1341332434321031
3224030331320420
0301042123224304
1343120221324443
2223020440210230
1411444222340423
4402123434300320
2310324234033140
3321113402340323
0212310103311001
0321104142404414
2230011131132120
1232102434312420
1344240410343142
4341043143212033
3013233114102202
0113000103432411
1403400102002232
2001303304334441
2033122010320442
0112402102242110
3332340420021030
0032312222244334
3341114012040004
4231342110412144
2033114402101322
2242411403401234
2014113224103142
3244214044322322
4130120041004013
3123332010023004
1301331123401413
3430034042401313
1031440401144132
4244103330204044
2141043334442412
4103321010241004
1223222040120414
3013000443441312
3424234140431442
4301424022343240
3340111004301130
3102302101244032
0442430320043440
3301212302004100
1141110012024321
1101010421123030
0032023230001432
0432144404440210
3023441433301432
3324113103102320
3410242034321430
1211023110312010
1211324301022000
0030104000411122
2313212333031130
0211213121123214
4344413334134144
1314404140010001
1142141442334411
1110124343430132
4023112221012124
3343304411334232
4043230043241312
0401103303102430
3221232034302023
4124211420331430
0203004224321310
0300132213424334
0344432414123433
3222323243220223
0312410211411041
4032010301411433
1314303220123104
4020403432121401
2043343320444243
1420234142104002
4002111423230300
3211204303313341
0204222432331101
2021430401232004
4133203001341124
3233031110304413
1440323111030124
4240123041112311
4022221132143310
3312411403010143
0334342113140320
4133242333131402
2344012304004231
1023301014142442
2412424234223230
4020123223300211
4324112314433324
0002230003414321
3020444223422043
1404234031322042
2302124112434230
4100334011120101
4104411443243010
3320034330100110
1243240341140410
0142341011040132
2220133424142434
3044241214113022
2322114124443122
2014140310312201
2424202113124240
1433420224112240
4313434234333233
1303322440124134
3031001241444140
0244112112432231
0442323022322202
0011142231021202
3334111343232443
1231010122412040
2144400443122303
2113441132242413
3210044013124243
20404102421231241340
14232020241124110142
14133220110124132023
30441044404031322440
32414433233430404113
32002421040202011301
20201423232121201334
21323131424010120032
24411344404240401410
11443202044041221114
14132101101132104034
32301423213431414011
14103321013131131123
32341221340441241322
10303201000332240130
00300312322344133213
10134212333041212344
13223243040240343003
24444233200031232302
32233003222231223230
31143442201402002013
14042322404004420243
12120220014314430210
11320141334412243330
12120131001304144314
31122024244231340023
33121041030014100400
44400403023303004402
00334404034102443022
01134143310133440011
40312233411423143042
41033332244340242401
21410144100403124434
41042241011302032332
43013421404311110442
12344243234111411303
03202324042241014021
04300310104131230321
04231110031014204143
12344043321120102034
21434304313344031241
22131030323430002000
44413213023412144014
04013404340113122044
34003320310131404323
22402132131402114430
24024320303421100431
04304101431442122113
42410224000412021033
20044344443334220201
31142122241133131411
22412212021301414112
11202144231103411010
40202211404423000330
21410021234441204220
43024132330210221142
40310441041303141113
10342124444220044414
22131122421440042434
20110410310242144420
40413021402402210432
01421342414212410024
14024121443400020140
00121432300023100130
12303411210402402214
34333212442434332141
22014100403204223410
24234100303030114231
21231444214204330223
14132244203104211320
21321004131140034413
44113220111102141421
10334114441223024133
34341412401010141212
12110431234404221324
44033102101101113142
10011242242201311234
31011244203440333421
13412313204030344343
24421330242201201343
11120203244044314204
41032101223141213213
24230231301430341304
23140303123202243134
34311324220422133322
24402431230400030022
01142303031031244342
41141041232300103433
30041013313204230132
43021343410041341220
40310021330110404223
03410324021342230420
13411434234444411112
32001224204442223340
43223234212330233404
14113041223220200223
33113003033320402032
31143413322021032033
40133401022444011223
42031301402220320314
40204313142024410220
34204013030203430442
12443243112200002213
13233444401034414211
13230214241231134114
24310241130004130420
24103312312312314033
30343013432430133321
01301243043004211113
13244200003132312331
13244144302114424303
23201113004230130342
30103144212324420223
00330421201033012210
22042103142201232303
33124143420302024303
44033402113322131300
21334413043421442344
11234102021030120233
21113410320240404042
43333212013040140044
04421312003421443230
33013433444404243020
13143423120214114331
42211433340303342134
10213221214010040034
14411213023304444123
12020410243234321041
03002102114424233111
11113101123310231003
44310343144042042421
13033032242303222414
11422243030234103434
99999999999999999999
02122
14102
12324
04310
14133
44111
32114
40101
32221
24101
14333
01232
13444
31120
42341
31311
03004
43333
22220
43332
12341
31410
32021
22444
02332
24042
03440
30130
34220
02012
23342
34024
4043003123
21041
00032
04414
10011
30341
24324
20230
03422
23104
41333
02404
23023
01230
41114
20243
03202
11444
40233
22241
10304
24241
44013
30001
42330
34221
4332200204
14024
40044
22122
41440
32421
11243
33400
41031
34334
21103
30241
40213
33100
32022
20032
34033
44100
30440
44402
43230
40321
20322
04424
31042
23113
21002
01124
31333
40104
32213
14244
10341
33121
22114
00413
14414
33033
33441
24301
13342
00022
00012
10243
42242
33241
30033
32312
33320
22311
30414
23101
31043
04300
14114
44443
43233
21441
41244
12344
33314
33324
24112
04211
40440
42222
21000
00134
33103
00023
20224
24304
4
1104213
1010332
2133004
1030132
0301032
2223214
0034100
3403000
1240310
2142440
4103301
4400212
4030320
4324432
4422003
2401031
2300433
1011244
3333240
0322131
0343341
4240433
3003144
1123412
4223020
2223023
0432022
3240423
1104340
0124120
3240111
1404341
0320420
1242220
3133020
4443120
1444040
2431041
0433303
3212200
3323404
2022340
2410233
0002113
2312344
0030322
4100130
2424213
2212400
1044011
4343011
4420320
3331202
3124122
0000243
1301023
3320343
2132030
1144433
3140321
0242340
3033233
4232120
1121344
1244211
3301302
1001403
4132004
1204001
2434220
3202124
1143302
1022022
1423414
1222331
3303340
0101040
3021431
3231144
3210213
2242221
3124143
1413444
1111001
3403310
2332000
1024012
2412131
0211244
1213223
1303444
1410340
0301342
0213104
3012430
1032314
2413441
3114211
1442403
3023143
2144322
2402020
4432140
1443004
4342430
4243333
0403333
0414031
2402233
0041440
2333011
4402204
4333432
2401004
4114332
0314103
0004241
1034120
4210124
2334213
4143341
3023122
0342011
1444333
2204222
4312341
1420412
4311423
2030031
3133401
4
4341204014
3212332303
2322314323
2000402012
4134131343
0031410131
0022131033
0213400304
4144321313
4010134023
2100224024
0113241244
2240400010
0412221420
3012234322
2112142412
1331314304
3103110231
0234343412
0120342430
3023301204
4414140333
2422423042
4132240412
3041304334
4314332431
1123421422
3021020143
2010214344
1104012110
4001041041
3100414203
3202024203
4343424042
4442040004
2003214213
0340142111
1433333220
1421133102
2140210410
2343332244
3200111342
1113440212
2411224322
1010401341
4103412044
3401130424
1301004034
3134203321
0333424440
4100411423
1120011141
4221324213
0412011300
4413431322
0302014412
2323210404
0303101310
0043214313
2112302212
3233222210
0021114400
2121231340
2323131110
3121314001
1320014113
1420213443
4220114130
4122441130
4403344131
2402130143
2230302413
0204442412
2232340010
3014311043
2404104132
1042144023
0130440003
3102021303
0313430433
1020300001
4300340223
2044210411
4122124444
1134322104
2224110322
0143130331
0132202000
4341413300
1011402420
2323304010
4032211244
4133000121
3224300133
2214112342
4043000433
0320212341
1040214324
2114222432
0124330124
3342131403
1214031234
4341102423
1203041433
1340134334
2232004301
1111231331
2144303403
0312144320
0231241232
1002203344
1432020443
3303142223
4112143401
0143304114
4234430212
2010003101
4143224240
4112413132
4122444323
2314033421
4220304313
2122123232
2001310120
3331313233
0123000332
0110332122
0300042144
3030213103
0134021334
4
4201220131244334
2032000313404224
2401012402341124
1141014321032410
4314323123122120
1043213101431320
0203420423324110
4421022244422003
1024140300042013
0341100202303312
2414414444102204
3024032144441041
3313424344223002
1322121414402433
4413114013411024
3222320112142314
0333411041022021
2010214144230033
1402244102222241
0421112431444244
2212044300403241
0030221020400013
2344110044011201
1244431000040420
3020240402031030
0342024414410100
1021403114312330
1442004113320433
2411220442003213
0340230101412002
1043122434224324
2412421430113423
1343331300120311
3032332430401104
2411441423140430
3433044200423014
4201102334002334
1321323244044301
1242324324414402
1000340242124340
4334300434442234
3324242112310134
4411103141140141
4131002401201432
0043023340402310
3224213412042340
3430101130140112
4124244410231301
1323414210020334
0340143404313204
4432432324313132
1222400103342243
0130010201221103
1040020441114204
4012322020122203
2031343203034333
0320034334200222
0344341013102304
2324003300331323
1331434112412404
4321031040330333
1233044340231201
4443003313240012
3044024434240341
4131403040121023
4440310244403333
3043243223000233
2340333310140221
1331140001341422
1134324421212424
0331311224410321
3434432433402421
4332103440142243
3023020214342103
2322000303431211
4011130221012313
0324012304312203
2102042324444301
2133020232114340
0240342013201341
3241322012422043
0432402232224004
3422421344400030
4442412341214000
1433213230301123
4130034124220033
3340143202443213
4422200342024123
1412211430434024
2421210231043023
4124040322320134
4100400033410103
2132334334302321
2102024411014420
2044300011142434
1233123014122233
1232433104130411
3101134414234333
2234104341311442
2041212234000422
1212020212240222
4013421001020420
4104311401404310
1300332300242221
4144123341322011
0401412032333122
4202414342114000
3142202343144042
3124442301214013
1302200402200444
2433210440202034
2330014313421130
2240231020323414
3332134004131332
2130131412343241
1032304333421234
2042112023030023
4020403124123334
4312224423040023
1130430222420423
0041340113310301
1311020034043142
1144114211414313
2301303203233034
4003410034443314
3224023031323131
2414323030241441
2201243114022212
0313111031100444
1200013310242030
4
34422100102133020110
21230311312230110110
24304202003043322013
43102422242340322143
33033234233402032324
42003003004013002310
13031232040444403002
14323332140412202240
23300011302234324242
41004022232014031322
12312212301421113204
34342113301101012332
40322234344322423330
12323440043433030114
31040233233403011033
32330044212213142310
10321440241423112134
34110021213232124111
13134242201002214111
12310400231102342223
00314321042240430024
14033402334242014111
23421314243202214420
24310031034340224320
30044122032441420310
04334034441112123324
31011442101112031104
32211021413202133224
00242044120133003400
13301304010440330231
13411242114411221233
40302022424113433133
43241122211344210441
41241333243034402431
24031111133421431322
34032044013002401424
21241431004310324200
11144234232112012112
22442044411331300203
13313223010203342223
33012334401412143200
20420330342301023230
42440012130012033204
42102340230130001024
20343213023014021312
11033311102301243110
10404403433234300014
10244400213011101433
32122400213301403004
44034202324012034410
40212004102043441224
33201312001444042414
20024403311111112244
42313204302213232402
23343033341441001442
31034442433312213423
42134230311303412044
10300231441210204142
14421433213242234031
41030414041112311131
34420324341432343022
24330112402222242321
12013134433040341024
24431321432030103243
31302231332103322240
42401223420413111404
41210144242124401244
04112201220314030340
22100311404401444143
03243303410323223003
14213034403441440111
33130021421300110012
00342140422234022312
32023433423444124103
11210301444144430102
20013224233122124320
42303100431203100032
00310331223140241021
22441004101300444200
23224034013031430304
24420404130442344241
20301004014010233010
44321410203234220400
31304423400404121142
40202122303401120321
12110424240302034323
20032034331332124002
33030443033204401244
12032143034330440233
10440424211111112103
40223440400431203033
40042222331310303100
02421130302132430201
22113123212142311330
42331004100014321234
40213011322144203302
03111200400303134140
44042301134220403101
00131410330130313242
13301204400313432123
14332242221112022023
32123240043140014033
33213414221144043040
23223011132123004444
00223220013403041423
20244430344314421431
31000304203020102333
31101030333100010231
44321400344210324430
44142241004001432341
42234000222043143303
04424424144041011201
13423401440430102044
30423112202033220240
30013023003120314131
33442400344004124343
42111123403433241133
41411303401020101231
21031012111340322003
04434213113322131100
13124211143024122143
33102201301100122141
00113213130421131101
14302201340022331420
12040133430012011131
24423410321144034300
31203444112001313210
03011311211303201433
02310102130120001134
32200302320343420410
23041004224013034211
13433124120103241234
30013420303234344114
31341202101141312203
42104330420014111140
34324131122112010343
30340104014134043313
42414344340310131323
13043131112220310101
10101042213002211033
02222310102430101022
10342114320021132422
44023320110020144241
21244221423220320114
41311421424401021021
10033232243314103020
00212321410434340434
14403120043132013304
02313401120413400231
11042310421134331214
10424304240004331334
34231412404204402303
31242004142231023014
23420241421234111211
31143144322220101030
04033443440040111444
30210403304041031213
20441221303214142334
30044012424330231243
14432244401341414001
00210430233430341111
01330042003023201322
44102244200333142304
00410320322234114213
14400413233223134403
44102244104421301310
13344000231422413432
02113341402134211102
24133420222103032110
03110012424131011224
14313004434000132423
24043034242431404430
42313413423144214432
21140414103202400303
44401144421011330404
22233012010034321034
02434214404131122010
41421121201001342340
31342421314042433222
00134402214410133442
40310002101002034003
30311043104320301023
33020433024341341240
02100220442321004102
20231140133401201013
12410002120412340333
21300230343401041121
11443423330312044403
24313040143302202421
04203032100104313202
42144123442414322233
21413121402444123312
24313001104041033002
41431242204310023223
11031202434223310440
02400043124022131024
22340102242432241420
31113400200014234003
41010014011122110100
10024233030143010013
20003323313240241312
23411423240002214431
44030224100233140334
13131322204240323114
23114211130104403122
00100333031414221433
11030314024144311111
33022140213433044301
14234402001022030214
40233031442304440232
01410310213111101343
14313203203343331030
42321014242124013332
23323022234104441042
10033114314220204041
23244112400330123441
33404144240013423031
03421041302412244143
11000014043202103143
13011034102210043311
34041044020220130340
12302100221002422100
14334440313431010024
44130024141334314012
10103213231140122423
20440414231040332103
34122442313422011203
02042123224144033110
04114121012011313201
20002203222004310440
30304402034114344042
14434241320424312402
22232031142441330012
43432431112441032103
33440141041123333303
21401243141402414431
02020121310302113322
10402104424343240200
03044333122020043043
02212232410121220414
32324314331022031422
41341120323330433014
04300440141124423303
01014321314022142341
12330204020443443212
22240030304044122201
23111414310012340330
40002000111124441130
43114432012440212131
40314432233402013403
12044211122421130010
00413332413200410322
21041314120320213310
44204442142124244004
14120400233221334041
43214403221231443400
43431030040403022031
31341031230404204343
00232120012313120020
12323141043404034424
33011221240314121041
21412321333022232201
33304421231401214333
40331414130442232312
01401441403332220044
33443242334120321312
04400101003242411014
41300212401231433441
12230224110111331442
42244132302210313403
41134411212441130344
44113200324241221404
01412324300001400441
40302043331124324434
00221313222243403442
34143430210104142033
31111414033041003242
00101014102200323024
23032014410411320040
22241143232344010221
41000214212212101121
13203201122222111244
04101022340401014423
24343443003412111143
42312321201141101222
03130022034304341210
13003240100442200401
00141310324301023143
12143042123114411140
03230132102441033100
44403310240214324241
11004410412403114102
43024020323124423314
11012013323321131314
11122121432000132403
34213031211421240330
30444221031232124031
20332333312304424210
21134414400442332121
44330213242133304433
14421343114300133232
23102301323324444011
23214313102210033303
33433100123211031003
12434112311003333323
31241004012231213142
43240213210222004014
01114324124240344233
32241401011304131001
02101232301212024240
30341114302321310233
03340312443400343244
04333200431230442332
44041231332223314413
31302114132042014410
33110440224214331420
14041230312031404243
10133430320420342242
04114440423443302201
43111232303221224034
03013003222412322041
01244012111231112020
20003314340301331123
42111400124234401100
32410312230133103443
21314301231401412002
23221334231222224312
30432001402331033041
40342413321432424401
32020331133440321012
42223301134443320134
00143202421322104242
22434440211422230230
22141012122220130303
34030110030143000013
31443322143120131330
40222033002021014041
44410343223111424223
04201240403141041123
10122130132230102402
33423220000343202434
43312033402210420444
32013334312300200342
33042223304303013124
23023310342201102040
10032432401300043213
11032134204322323104
03123420011430344101
13031202131222324203
32304442332203213300
30324411214211330431
33330414413114024110
23023004041344202410
22212301103333403140
32444012200400201440
44240301022000203212
12414332143314034431
40243444311322320142
02403340431430214420
43442414033201120114
04400201422034313033
10410341400332043430
44431240344032344302
34232420432312420142
33201441400430242001
03101030303232342222
41132340044003201131
04331301122032132333
03431310033031103214
23331412132330024423
10133211110413114111
13410413041343312044
34143220433231120424
03114202044311321432
21410403201220303001
24444401240114143410
21043101333132431420
33134413341430313013
34340424432320134203
02241423334134240120
22301213301143211421
13014103323244024224
24021314102041441114
13002310302413312201
41120233401202233002
11113341221310001200
03023433002222430031
21024210221140230324
40124313114143232321
33123131003134120220
02402010330100014343
04203324102012113002
42324102402224404424
22430003442421331001
24012422201421023014
01342341114430121210
33133311100041100043
00111202431040020013
23000302411032022410
23233413034040010003
13231021420130130211
11101112142243441413
20323313320234101120
34400214122103312422
43343434242421420310
11114420042144000021
42224344311421021244
23421042041400144421
42133243323303312403
32444131003242401043
11320242242433323241
42224032334242223131
21403440421413433030
41330440113132323240
12311001233323202003
43434004410113413220
43232030430210023421
41213114412030401003
10411200222341121100
34120441041233432000
10114312424404414102
23430400124004423432
32230113434043220314
30012431013423301134
21133402112434331010
20324421421401123233
31444313003002223433
14344241314422211320
24134042433334143042
34431432011412112404
31242003123140230224
21232421341340312400
34123001021010224423
34011414201012120002
30003114212222144413
31401134401344023430
21102324012141411032
22024333130000110323
33322042031211241304
04211203021330343244
40332234314122340110
00231340221331040443
30442000244114433023
32104121233123140301
33333414111010403441
24230243242040044320
43402241311134440031
03114111041024144203
33013014114300011211
13034044204344213024
41430201402103142113
01211030332042143222
03012320324144334310
34302113221033221043
23203110330002300440
14311420111343202221
01431001021113234134
41321112432222044040
41044420041142233214
42114443223412031331
40142020021234114300
04231201142034031243
14200001043322102320
01310134430132311221
13010320300244200104
10224240404001310211
43142224431023411322
42131022104344434342
04003332120103121332
44343203311334241142
14030330222142201111
20300230120440003440
40004030223403411032
42401224221120124214
32333041133301121041
34340124122333414010
21333301440334144331
30431042242133321001
11021343242010221412
33441400033321020123
01422243010132321011
34231324402013224114
01443104320401013014
44304000003431014304
22124240304302012343
10324004031401112112
04101431143132324333
10443434033122213314
14214003232422000111
14021241024014122303
34221334111114223002
14304123133113221302
34431232134233141224
10333403101443314441
20124023130400031101
20012420004121213042
12134133240342320444
32314414344113403221
04200020201304443030
44430311323223344203
11133001441332114441
31101311144140323144
30240444224034400110
33040033333340334242
32430420032144044234
11134102100314114240
33341130034134120043
30342304234132123123
20221402340330220322
04214220234430032023
33132133042440232033
14440102430403322442
34431403320124133121
01314330141310424030
02322311143012220343
04140201443332032140
12310013322114400410
30220014234443230030
01311114243343204104
32142222114001412103
32220040114443134334
44214233403302010442
22101011402321440022
21003042303041113244
11443414211411412010
04332240431212012123
40414332203203423011
40430324024033104133
32344323333140341111
13141242243113221032
04124212414302201321
40030241313024012403
11300404011222204222
34423311103134022430
10010034102422422022
34243442242441034223
41403440430121222030
10212340212434214114
43243012331341233320
44330032302043122322
12130401233140000432
14331040440000422030
02002113312344013314
40122203132413243310
40132200024433040324
02203221203421043300
20334303224001413144
04343412211222244314
24441330130231031344
13001223402000204430
11041331142131334423
04111023343243303132
31202013131014014321
10220014324304042140
34142310310432133442
41444341413341224341
30112043321211114104
44123142433002330223
40320022013224244430
02403023321142040312
42230120033141210334
33324120433021030141
31304023433202303433
42124232041432020334
44010104200021104001
14201342110404301023
14003121002422301041
13214143213432413220
12213013033100131302
13341200211434031134
41242243010014424300
00141431032041200314
32011023424312444333
33313400241010220430
10123342230203044321
02100310014003132020
03233403423121033010
23104412122302010210
33033233234142212144
23214404033130142321
13423143444332300433
23240223133342243433
42414421203343420420
31110041431100403100
01004030343422030313
01143234434441010010
23204232004441030122
23140440232420113040
30433442011433332344
32013024040411313201
01002213224014204303
10101131014423412440
33130031422022440440
30312422003434024301
32123320401304230401
20134323210142113124
21304034212424321320
13334433200421302044
42103144434031233004
10111311020033132343
04431000402200330440
43413410030402421301
21104342022243320241
30404213012243331310
44030202321333221101
11144020000114240141
24434331002434322130
44131024032413421340
11043132041334122123
14013234400412334100
20311312120011410410
34204220133101111440
10220430312404222214
01134404430040421044
42240300433320044321
43001100001232423121
34404134042323401233
20042100021301204004
31412344331134334023
12323421031113010414
11121441341322303223
03342404312432140014
40212234043313332201
30211104034203300114
11443430432304042000
23324022432000020331
20010110333410222202
20001120423423322112
41410234320320410003
31004323200002201403
33122011311202430311
00132424240142000334
10013243344323321202
21430023132241404404
44124130423220201112
41241131423121330133
21430004344333421213
21114201144422432341
14243434101300110232
04244401310224133234
41412141132441022343
41000300322243340013
43043031340024020314
14231000211211401124
04142244313142140233
02322331001402323303
01212423444324330314
33324412441214234143
00100211301421422422
34403222144443331211
34442140001441400123
03030204210430440031
21213402323403004030
10234113200031140440
22003044430422413311
31432213214002240203
21344020140123202120
40234434001022422031
40220222011300413004
23013434442231033021
21433202323203410041
32303404003333203120
41110014132201243444
21224031133333221143
31212022122423324320
14220342303141113044
21031310042234133014
10313001123433244311
23142130422340223340
34330330114434123442
24244043041041324233
33323244403442232440
30410302142100441401
04401201344032433220
22302234232342040402
23414223110310421433
41442111102420233204
44312323232111314442
11104111214433443223
42332020113422323220
20014322242121333323
30412410011001031144
34323121444403210434
12203110001133032221
20101101442234202241
01042302334312110241
14112434041420014223
03300310210432004413
41141411101340121103
32134214442004331341
20420102134332020344
31113020131224132422
23310423313344203234
44022203124102243414
34100232114402222043
33111221232414103024
33103402441243102443
01433431124230441131
14221003213304424313
13120433323013104113
44303023124200423022
11402222242212410030
20212001341344220331
30024212022222013221
11332332011121124020
43001312414201421140
43141100021302131224
21242300240212102040
21114022011344321223
04302422101032104101
02013121334020433044
34140002323411224220
20331132232320311103
10314430324033220233
12044021310313412241
22443143300421134314
22221140400321143002
04221104202300404132
24420111020424324014
10333122204113014014
43304301111403120044
43402424313332421340
01103013120412014220
10243213340214322322
23301420132403343120
43422321423100222233
00101122034001244033
10144134011133041411
00102303232230243104
22131311132041213111
00224423100431433344
24230121210204414441
12013213232022413312
10004344123442344102
44443042033121001414
32104310442223211114
31433212122441423340
34300133334031012212
13312321403221033422
43433212034022401132
31430122112303224434
24110244102214424032
43130103410233030222
12004020403300033204
11040442301130013140
40443112320323002104
04133204030120011113
31414340044214444001
01142302243141140444
30404203002100314431
31200224304411201004
32112214244012113401
00441344234433214023
13241323411204422104
22244012001212423032
01401234403343040240
20340313413222402132
12241332101103043402
00421102441432342321
03140214242301113020
31323123412423123424
40401332121201340403
02012212433323021300
34214430012333424333
11324241003240000312
41121444433241311022
01443443331120404004
30222022133404221232
41102104132043344223
21140103323213024100
03131342022400424100
12034431210321340332
12200421323204422341
43431324202033334420
22303232101241232441
13324241113203410404
00224012040000343000
31002320113344100134
12010314442034034240
30041110424210411444
22013344421313111043
11410032042020304313
21111002424041213413
42440110012241104200
41324100322023441110
40130213411030333103
00233100113214044022
01010211411013432343
20132443443343244031
03000312021103044231
32102203004143234134
21322220334211331032
23103012014344314424
00020142442420144242
10413122314233223401
03203003341144340334
42430014331023232433
04334223022401123442
41443130242100343033
32311101144240444403
41104144223211412332
12424414144404411310
10341212021113212304
40332321220412013412
34432331224222012022
44422203213223100413
00403224243223244110
30313204000243244440
40022043010431041310
23314134134021024132
31340143222123312331
24121011024043204413
10130324230122030124
42203114021314412213
22422321240312433104
23341143340203223420
44112314013122143401
34333232414340021223
40210403223441140224
03431021132012132134
24423432301402310300
23140222031442203201
14211344343312243010
11203243022233320022
23304321421304401124
31402042443324232210
02421323321423314224
44244301213302412243
30413304004441100422
30124230324224130010
30011334030242024120
04131210430431420401
34441120343430034144
13423042321000104120
41204012103341400200
14212332444244401333
42123204000211403021
24211140144132132424
24133103041002004012
30211433002433332424
00013401103234021024
32242212422022220121
31242403201113032041
22242201232020014322
13030134144411314314
44142140243432041431
41433341142123211104
12121003144044030314
22431110432033010222
20024212241301143204
30321411442213212144
43201442102212311214
00331311341230043301
44431014400404430333
32313040243314401021
22234213114402321241
10202130442012000021
30404333124300020103
30413432221003300114
34410300220443221310
40131332242401041210
43042101004240423001
02220143331311114114
22114444120024410231
22213002433240431031
14113112100120244033
32034301410442420132
33043143343024244320
00200010044320401142
32303414002233231032
44330432422330131110
31042243303122243003
04023333132032324303
44433011224112041213
31243324444042300132
22144130241112432400
31222314444034010202
41143242203112300310
44130032123442110244
44130240041214204342
41002313120332102322
12221134401121424111
10324334322102124330
02300302230110103423
23013414023020131320
20201000103000212120
21240040423012011042
40243201241001203241
10141332004114123202
43241340043403044320
42114430002111232122
33202003322040312001
04042223021304204043
34122111301111243320
32211440221111202210
00001414222123011013
11303404311011422241
20200033014213441411
42000201324400013303
11422443201203104143
02421411221243022330
21331231301141332102
32104321342133034104
04220432010131240343
42332030144000130344
44114132102122431440
13102402444144300241
20412323022043213134
00210122443343303034
22112420211430012201
14414311013324134141
31022343223142323023
20003314311133244130
32333230040430331033
20000120043112441111
01341232432330332222
42011431141041211043
30011421412333230122
32101241221134431341
11141210440032404444
01424004432110020143
13121131034140142441
21102332120200214103
24304021314022142103
30432103204041433011
02302002434311014022
04331311321103201402
12440142024233113044
44412232340400124434
33013331212101313222
21302422231314003233
42022343144220124433
10334340022034300134
43024311230444133233
34341343201314424130
13222313242330000110
43411134034232101012
20023200442343134000
01330040343043232134
02001020121001212222
20240231021211431224
34403203011431104004
21441333244403430112
14030130433022124044
41111240230242220134
43330422123021303312
22313114031314402212
01404043314240220203
22220432123013203212
12034340220422434144
12213300323202201431
02031334440131040440
33203344041432342344
41131233134142324443
43442130211204112441
40314000414231002100
33001214114003330242
02111434403034214242
30322424214023401432
32013420014232403432
13120330414441314242
11402214331210100304
12041431421140144003
13114233020120141443
30412020420031221444
04012434323411003443
43332030242144230342
22123031113101411141
12244101410001112041
21410113402332040132
01200303034022443032
01233213110022104302
12311211201030134313
21232434130441122011
14004021021022044442
41040201441414221241
11442412123204244142
40211142032202022111
03020332222022214220
04134022402343110402
31030243033430111120
00224304001424233321
14201303100310223332
24202313332241313200
21300222204044412233
22033230113132001244
04033124224141341422
32011221430423222241
44341221403102033310
40431440302400343144
00244340244304234022
31332414314132033433
43231441344332132420
10114243330023244423
00141131111322142143
40204414414323014243
43111124131303343002
03142313200010313032
11314023412312311243
03212114020312030041
02402233114100134143
33310414101122234130
22233320124301223243
04210233333233010032
21240301444210430020
43233241011232041201
22333103420422233413
33022133401340324341
11231241010202332001
31330142403040120110
12320422244423202434
22102020002140413031
41440421214131240204
22211342312102003142
20331123200003324232
04204311010322213300
01031111331132223242
01204123123113134442
24310400443133444434
33000440043322003000
12324223324400334210
04400431241343214313
20230332311044012310
41131002224113342141
00202040303110404310
30412030004134434100
00423240430344301022
23421132100321431230
02120013142432311201
41432213443322242110
04123144322411033303
43310320034404100140
21021420230303110020
43443241043234133140
01313141340044131044
01020340223301420211
32204234321220041114
13401142032342033422
00241000100401002233
30444230410134401041
04042323100114441243
20044401103221234411
44441404003301404103
31211334204203321134
31111410224332232222